    45    32     1     4     1
     0     4
     1   0.000   0.000
     2   0.000   1.000
     3   0.000   2.000
     4   0.000   3.000
     5   0.000   4.000
     6   2.000   0.000
     7   2.000   1.000
     8   2.000   2.000
     9   2.000   3.000
    10   2.000   4.000
    11   4.000   0.000
    12   4.000   1.000
    13   4.000   2.000
    14   4.000   3.000
    15   4.000   4.000
    16   6.000   0.000
    17   6.000   1.000
    18   6.000   2.000
    19   6.000   3.000
    20   6.000   4.000
    21   8.000   0.000
    22   8.000   1.000
    23   8.000   2.000
    24   8.000   3.000
    25   8.000   4.000
    26  10.000   0.000
    27  10.000   1.000
    28  10.000   2.000
    29  10.000   3.000
    30  10.000   4.000
    31  12.000   0.000
    32  12.000   1.000
    33  12.000   2.000
    34  12.000   3.000
    35  12.000   4.000
    36  14.000   0.000
    37  14.000   1.000
    38  14.000   2.000
    39  14.000   3.000
    40  14.000   4.000
    41  16.000   0.000
    42  16.000   1.000
    43  16.000   2.000
    44  16.000   3.000
    45  16.000   4.000
     1   1e+04     0.2       1
     1     1   4  1     6     7     2
     2     1   4  2     7     8     3
     3     1    4 3     8     9     4
     4     1   4  4     9    10     5
     5     1   4  6    11    12     7
     6     1   4  7    12    13     8
     7     1   4  8    13    14     9
     8     1   4  9    14    15    10
     9     1   4 11    16    17    12
    10     1   4 12    17    18    13
    11     1   4 13    18    19    14
    12     1   4 14    19    20    15
    13     1   4 16    21    22    17
    14     1   4 17    22    23    18
    15     1   4 18    23    24    19
    16     1   4 19    24    25    20
    17     1   4 21    26    27    22
    18     1   4 22    27    28    23
    19     1   4 23    28    29    24
    20     1   4 24    29    30    25
    21     1   4 26    31    32    27
    22     1   4 27    32    33    28
    23     1   4 28    33    34    29
    24     1   4 29    34    35    30
    25     1   4 31    36    37    32
    26     1   4 32    37    38    33
    27     1    4 33    38    39    34
    28     1    4 34    39    40    35
    29     1   4 36    41    42    37
    30     1   4 37    42    43    38
    31     1   4 38    43    44    39
    32     1   4 39    44    45    40
     1     1
     2     2
     3    81
     4    82
     1    50    -100