===================Input Data=======================
The Number of Nodes: 45
The Number of Elements: 33
The Number of Type of Material Parameters:  1
The Number of Restrictions:  1
The Number of Nodal Loads:  1
Problem Type:  Plane Stress Problem

Coordinates x and y of Nodes:
         Node         x            y
           1         0.00         0.00
           2         0.00         1.00
           3         0.00         2.00
           4         0.00         3.00
           5         0.00         4.00
           6         2.00         0.00
           7         2.00         1.00
           8         2.00         2.00
           9         2.00         3.00
          10         2.00         4.00
          11         4.00         0.00
          12         4.00         1.00
          13         4.00         2.00
          14         4.00         3.00
          15         4.00         4.00
          16         6.00         0.00
          17         6.00         1.00
          18         6.00         2.00
          19         6.00         3.00
          20         6.00         4.00
          21         8.00         0.00
          22         8.00         1.00
          23         8.00         2.00
          24         8.00         3.00
          25         8.00         4.00
          26        10.00         0.00
          27        10.00         1.00
          28        10.00         2.00
          29        10.00         3.00
          30        10.00         4.00
          31        12.00         0.00
          32        12.00         1.00
          33        12.00         2.00
          34        12.00         3.00
          35        12.00         4.00
          36        14.00         0.00
          37        14.00         1.00
          38        14.00         2.00
          39        14.00         3.00
          40        14.00         4.00
          41        16.00         0.00
          42        16.00         1.00
          43        16.00         2.00
          44        16.00         3.00
          45        16.00         4.00

The Node Numbers of Elements:
         Element      Type              Nodes
           1            1           1     6     7     2
           2            1           2     7     8     3
           3            1           3     8     9     4
           4            1           4     9    10     5
           5            1           6    11    12     7
           6            1           7    12    13     8
           7            1           8    13    14     9
           8            1           9    14    15    10
           9            1          11    16    17    12
          10            1          12    17    18    13
          11            1          13    18    19    14
          12            1          14    19    20    15
          13            1          16    21    22    17
          14            1          17    22    23    18
          15            1          18    23    24    19
          16            1          19    24    25    20
          17            1          21    26    27    22
          18            1          22    27    28    23
          19            1          23    28    29    24
          20            1          24    29    30    25
          21            1          26    31    32    27
          22            1          27    32    33    28
          23            1          28    33    34    29
          24            1          29    34    35    30
          25            1          31    36    37    32
          26            1          32    37    38    33
          27            1          33    38    39    34
          28            1          34    39    40    35
          29            1          36    41    42    37
          30            1          37    42    43    38
          31            1          38    43    44    39
          32            1          39    44    40     0
          33            1          40    44    45     0

Material Parameters:
         Type      Elastic Modulus    Poisson Ratio   Thickness
           1          1e+04                 0.2          1


The Position of Restriction:    1

Nodal Loads:
         Position        Value
            50            -100


===================Output Data=======================
Displacements of Nodes :
         Node        x            y
           1            0            0
           2     0.001109    -0.004312
           3       0.0103    -0.005949
           4      0.02136    -0.006305
           5       0.0335    -0.006317
           6     -0.01515     -0.03168
           7   -0.0007661     -0.03059
           8     0.009442     -0.03125
           9       0.0204     -0.03174
          10       0.0329     -0.03172
          11     -0.01657     -0.06125
          12    -0.004265     -0.06135
          13     0.006307     -0.06074
          14       0.0167     -0.06002
          15      0.02859     -0.05952
          16     -0.01126     -0.08525
          17    -0.003606     -0.08583
          18      0.00238     -0.08601
          19     0.008694     -0.08547
          20      0.01866     -0.08327
          21   -4.225e-06     -0.09521
          22   -3.501e-06     -0.09641
          23    -3.03e-06     -0.09795
          24   -2.596e-06      -0.1008
          25   -2.029e-06      -0.1055
          26      0.01125     -0.08525
          27     0.003599     -0.08584
          28    -0.002386     -0.08601
          29    -0.008699     -0.08547
          30     -0.01866     -0.08327
          31      0.01656     -0.06125
          32     0.004258     -0.06135
          33    -0.006316     -0.06075
          34     -0.01671     -0.06002
          35      -0.0286     -0.05952
          36      0.01515     -0.03168
          37    0.0007623     -0.03059
          38    -0.009447     -0.03126
          39     -0.02042     -0.03176
          40     -0.03287     -0.03173
          41            0            0
          42    -0.001111    -0.004312
          43      -0.0103    -0.005945
          44     -0.02134    -0.006294
          45     -0.03359    -0.006313

Stresses of Elements :
         Element      stress_x      stress_y      stress_t         S1            S2          Ceta
           1            -47.7        -25.64        -28.08        -6.503        -66.84         55.72
           2           -9.519        -13.41        -13.31         1.983        -24.91         130.8
           3           -5.634         -5.38        -6.994         1.488         -12.5         45.52
           4           -4.059       -0.7347         -1.62      -0.07578        -4.718         67.87
           5           -11.75         2.629         -7.24         5.643        -14.76          67.4
           6           -17.34        -3.787        -19.47         10.05        -31.18         54.59
           7           -17.54        -2.346         -15.7         7.495        -27.39         57.92
           8           -20.28        -1.425        -7.589          1.25        -22.96         70.59
           9            14.83       -0.4392         -8.94         18.95        -4.561         114.8
          10           -8.067        0.5181        -17.33         14.08        -21.62         51.96
          11           -29.76         0.365        -18.02         8.787        -38.18         64.95
          12           -43.92         4.708        -5.716         5.371        -44.58         83.39
          13            36.83         -1.55        -5.447         37.59        -2.308         97.92
          14            1.385        -8.322        -10.98         8.539        -15.48         123.1
          15           -31.23        -17.64        -15.22        -7.764         -41.1         57.03
          16            -73.9        -27.55        -18.35        -21.17        -80.29         70.82
          17            36.83        -1.549         5.447         37.59        -2.307         82.08
          18            1.386        -8.317         10.98         8.543        -15.47         56.91
          19           -31.23        -17.64         15.22        -7.766         -41.1           123
          20           -73.91        -27.55         18.35        -21.17        -80.29         109.2
          21            14.83       -0.4387         8.935         18.95        -4.556         65.26
          22           -8.075        0.5218         17.32         14.07        -21.62           128
          23           -29.76        0.3918         18.03         8.818        -38.19           115
          24           -43.91         4.713         5.718         5.377        -44.58         96.62
          25           -11.73         2.627         7.238         5.642        -14.75         112.6
          26           -17.33        -3.798         19.46         10.04        -31.17         125.4
          27            -17.6        -2.384         15.64         7.398        -27.39           122
          28           -20.26        -1.387         7.662         1.332        -22.98         109.5
          29           -47.69        -25.64         28.09        -6.492        -66.84         124.3
          30           -9.501        -13.41         13.33         2.014        -24.92         49.17
          31           -5.491        -5.367         7.043         1.615        -12.47         134.7
          32           -4.681       -0.6057         1.199       -0.2793        -5.007         105.2
          33           -3.786       -0.9465         1.893     5.107e-14        -4.732         116.6
